(kicad_pcb (version 20171130) (host pcbnew "(6.0.0-rc1-dev-1248-ged6c68a1e)")

  (general
    (thickness 1.6)
    (drawings 23)
    (tracks 592)
    (zones 0)
    (modules 41)
    (nets 70)
  )

  (page A4)
  (layers
    (0 F.Cu signal)
    (31 B.Cu signal)
    (32 B.Adhes user)
    (33 F.Adhes user)
    (34 B.Paste user)
    (35 F.Paste user)
    (36 B.SilkS user)
    (37 F.SilkS user)
    (38 B.Mask user)
    (39 F.Mask user)
    (40 Dwgs.User user hide)
    (41 Cmts.User user)
    (42 Eco1.User user)
    (43 Eco2.User user)
    (44 Edge.Cuts user)
    (45 Margin user)
    (46 B.CrtYd user hide)
    (47 F.CrtYd user hide)
    (48 B.Fab user hide)
    (49 F.Fab user hide)
  )

  (setup
    (last_trace_width 0.25)
    (user_trace_width 0.1)
    (user_trace_width 0.2)
    (user_trace_width 0.25)
    (user_trace_width 0.5)
    (user_trace_width 1)
    (trace_clearance 0.2)
    (zone_clearance 0.508)
    (zone_45_only no)
    (trace_min 0.01)
    (via_size 0.8)
    (via_drill 0.4)
    (via_min_size 0.508)
    (via_min_drill 0.254)
    (uvia_size 0.3)
    (uvia_drill 0.1)
    (uvias_allowed no)
    (uvia_min_size 0.2)
    (uvia_min_drill 0.1)
    (edge_width 0.05)
    (segment_width 0.2)
    (pcb_text_width 0.3)
    (pcb_text_size 1.5 1.5)
    (mod_edge_width 0.12)
    (mod_text_size 1 1)
    (mod_text_width 0.15)
    (pad_size 1.524 1.524)
    (pad_drill 0.762)
    (pad_to_mask_clearance 0.051)
    (solder_mask_min_width 0.25)
    (aux_axis_origin 0 0)
    (visible_elements 7FFFFFFF)
    (pcbplotparams
      (layerselection 0x010fc_ffffffff)
      (usegerberextensions false)
      (usegerberattributes true)
      (usegerberadvancedattributes false)
      (creategerberjobfile false)
      (excludeedgelayer true)
      (linewidth 0.100000)
      (plotframeref false)
      (viasonmask false)
      (mode 1)
      (useauxorigin false)
      (hpglpennumber 1)
      (hpglpenspeed 20)
      (hpglpendiameter 15.000000)
      (psnegative false)
      (psa4output false)
      (plotreference true)
      (plotvalue true)
      (plotinvisibletext false)
      (padsonsilk false)
      (subtractmaskfromsilk false)
      (outputformat 1)
      (mirror false)
      (drillshape 0)
      (scaleselection 1)
      (outputdirectory "gerbers/r1/"))
  )

  (net 0 "")
  (net 1 GND)
  (net 2 VBUS)
  (net 3 +BATT)
  (net 4 +3V3)
  (net 5 "Net-(C4-Pad2)")
  (net 6 "Net-(C5-Pad2)")
  (net 7 "Net-(C9-Pad2)")
  (net 8 /AREF)
  (net 9 /USER_LED)
  (net 10 "Net-(D2-Pad1)")
  (net 11 "Net-(D3-Pad1)")
  (net 12 "Net-(D4-Pad1)")
  (net 13 /ANEN_INT)
  (net 14 /USB_D-)
  (net 15 "Net-(J3-Pad4)")
  (net 16 /USB_D+)
  (net 17 /I2C_SDA)
  (net 18 /I2C_SCL)
  (net 19 /SERIAL_RX)
  (net 20 /SERIAL_TX)
  (net 21 /SWCLK)
  (net 22 /SWDIO)
  (net 23 /RESET)
  (net 24 "Net-(J6-PadP5)")
  (net 25 "Net-(J6-PadP4)")
  (net 26 "Net-(J6-PadP3)")
  (net 27 "Net-(J6-PadDT)")
  (net 28 "Net-(J6-PadSW)")
  (net 29 "Net-(J6-PadP2)")
  (net 30 "Net-(J6-PadP1)")
  (net 31 "Net-(J6-Pad8)")
  (net 32 /microSD_MISO)
  (net 33 /microSD_SCK)
  (net 34 /microSD_MOSI)
  (net 35 /microSD_CS)
  (net 36 "Net-(J6-Pad1)")
  (net 37 /BATT_V)
  (net 38 "Net-(R4-Pad1)")
  (net 39 "Net-(R5-Pad2)")
  (net 40 /FLASH_CS)
  (net 41 /LORA_CS)
  (net 42 /BMP388_CS)
  (net 43 "Net-(SW1-Pad3)")
  (net 44 "Net-(SW1-Pad1)")
  (net 45 "Net-(U2-Pad4)")
  (net 46 /FLASH_SCK)
  (net 47 /FLASH_MOSI)
  (net 48 /FLASH_MISO)
  (net 49 "Net-(U4-Pad41)")
  (net 50 /LORA_INT)
  (net 51 /LORA_RESET)
  (net 52 "Net-(U4-Pad30)")
  (net 53 "Net-(U4-Pad29)")
  (net 54 /BMP388_MISO)
  (net 55 /BMP388_SCK)
  (net 56 /BMP388_MOSI)
  (net 57 /LORA_MISO)
  (net 58 /LORA_SCK)
  (net 59 /LORA_MOSI)
  (net 60 "Net-(U4-Pad3)")
  (net 61 "Net-(U5-Pad7)")
  (net 62 "Net-(U5-Pad11)")
  (net 63 "Net-(U5-Pad12)")
  (net 64 "Net-(U5-Pad15)")
  (net 65 "Net-(U5-Pad16)")
  (net 66 "Net-(U6-Pad7)")
  (net 67 "Net-(J8-Pad1)")
  (net 68 "Net-(U4-Pad37)")
  (net 69 "Net-(U4-Pad38)")

  (net_class Default "This is the default net class."
    (clearance 0.2)
    (trace_width 0.25)
    (via_dia 0.8)
    (via_drill 0.4)
    (uvia_dia 0.3)
    (uvia_drill 0.1)
    (add_net +3V3)
    (add_net +BATT)
    (add_net /ANEN_INT)
    (add_net /AREF)
    (add_net /BATT_V)
    (add_net /BMP388_CS)
    (add_net /BMP388_MISO)
    (add_net /BMP388_MOSI)
    (add_net /BMP388_SCK)
    (add_net /FLASH_CS)
    (add_net /FLASH_MISO)
    (add_net /FLASH_MOSI)
    (add_net /FLASH_SCK)
    (add_net /I2C_SCL)
    (add_net /I2C_SDA)
    (add_net /LORA_CS)
    (add_net /LORA_INT)
    (add_net /LORA_MISO)
    (add_net /LORA_MOSI)
    (add_net /LORA_RESET)
    (add_net /LORA_SCK)
    (add_net /RESET)
    (add_net /SERIAL_RX)
    (add_net /SERIAL_TX)
    (add_net /SWCLK)
    (add_net /SWDIO)
    (add_net /USB_D+)
    (add_net /USB_D-)
    (add_net /USER_LED)
    (add_net /microSD_CS)
    (add_net /microSD_MISO)
    (add_net /microSD_MOSI)
    (add_net /microSD_SCK)
    (add_net GND)
    (add_net "Net-(C4-Pad2)")
    (add_net "Net-(C5-Pad2)")
    (add_net "Net-(C9-Pad2)")
    (add_net "Net-(D2-Pad1)")
    (add_net "Net-(D3-Pad1)")
    (add_net "Net-(D4-Pad1)")
    (add_net "Net-(J3-Pad4)")
    (add_net "Net-(J6-Pad1)")
    (add_net "Net-(J6-Pad8)")
    (add_net "Net-(J6-PadDT)")
    (add_net "Net-(J6-PadP1)")
    (add_net "Net-(J6-PadP2)")
    (add_net "Net-(J6-PadP3)")
    (add_net "Net-(J6-PadP4)")
    (add_net "Net-(J6-PadP5)")
    (add_net "Net-(J6-PadSW)")
    (add_net "Net-(J8-Pad1)")
    (add_net "Net-(R4-Pad1)")
    (add_net "Net-(R5-Pad2)")
    (add_net "Net-(SW1-Pad1)")
    (add_net "Net-(SW1-Pad3)")
    (add_net "Net-(U2-Pad4)")
    (add_net "Net-(U4-Pad29)")
    (add_net "Net-(U4-Pad3)")
    (add_net "Net-(U4-Pad30)")
    (add_net "Net-(U4-Pad37)")
    (add_net "Net-(U4-Pad38)")
    (add_net "Net-(U4-Pad41)")
    (add_net "Net-(U5-Pad11)")
    (add_net "Net-(U5-Pad12)")
    (add_net "Net-(U5-Pad15)")
    (add_net "Net-(U5-Pad16)")
    (add_net "Net-(U5-Pad7)")
    (add_net "Net-(U6-Pad7)")
    (add_net VBUS)
  )

  (module footprints:hummingbird (layer B.Cu) (tedit 5D1C0B64) (tstamp 5D1B29C6)
    (at 157.25 175.75)
    (fp_text reference REF** (at 0 -0.5) (layer B.SilkS) hide
      (effects (font (size 1 1) (thickness 0.15)) (justify mirror))
    )
    (fp_text value hummingbird (at 0 0.5) (layer B.Fab) hide
      (effects (font (size 1 1) (thickness 0.15)) (justify mirror))
    )
    (fp_line (start 7.559585 -11.4826) (end 11.076699 -8.2856) (layer B.SilkS) (width 0.5))
    (fp_line (start -0.705164 -25.8178) (end -0.506788 -26.385963) (layer B.SilkS) (width 0.5))
    (fp_line (start -0.923891 -25.154425) (end -0.705164 -25.8178) (layer B.SilkS) (width 0.5))
    (fp_line (start -0.506788 -26.385963) (end 0.075074 -25.978) (layer B.SilkS) (width 0.5))
    (fp_line (start 11.076699 -8.2856) (end 13.583819 -5.5754) (layer B.SilkS) (width 0.5))
    (fp_line (start 3.37331 -21.1744) (end 4.008377 -20.1949) (layer B.SilkS) (width 0.5))
    (fp_line (start 0.075074 -25.978) (end 1.541611 -23.7713) (layer B.SilkS) (width 0.5))
    (fp_line (start 12.734929 -2.3298) (end 14.778309 1.0915) (layer B.SilkS) (width 0.5))
    (fp_line (start 14.778309 1.0915) (end 14.274389 1.6019) (layer B.SilkS) (width 0.5))
    (fp_line (start 4.080947 -14.231) (end 7.559585 -11.4826) (layer B.SilkS) (width 0.5))
    (fp_line (start -1.718148 -26.0218) (end -0.923891 -25.154425) (layer B.SilkS) (width 0.5))
    (fp_line (start 13.583819 -5.5754) (end 10.779819 -5.9534) (layer B.SilkS) (width 0.5))
    (fp_line (start 10.779819 -5.9534) (end 12.734929 -2.3298) (layer B.SilkS) (width 0.5))
    (fp_line (start 1.541611 -23.7713) (end 3.37331 -21.1744) (layer B.SilkS) (width 0.5))
    (fp_line (start 14.274389 1.6019) (end 14.274388 1.6024) (layer B.SilkS) (width 0.5))
    (fp_line (start 4.008377 -20.1949) (end 4.080947 -14.231) (layer B.SilkS) (width 0.5))
    (fp_line (start 5.155356 -4.2696) (end 1.326713 -7.7005) (layer B.SilkS) (width 0.5))
    (fp_line (start -2.562067 -26.107988) (end -1.718148 -26.0218) (layer B.SilkS) (width 0.5))
    (fp_line (start -4.551027 -21.579) (end -3.955293 -21.516138) (layer B.SilkS) (width 0.5))
    (fp_line (start -1.933377 -16.1537) (end -1.942834 -17.71455) (layer B.SilkS) (width 0.5))
    (fp_line (start -2.482994 -24.3331) (end -2.438465 -24.8438) (layer B.SilkS) (width 0.5))
    (fp_line (start -4.324318 -22.276025) (end -4.077678 -23.3257) (layer B.SilkS) (width 0.5))
    (fp_line (start -3.878525 -5.380263) (end -6.325059 -5.8406) (layer B.SilkS) (width 0.5))
    (fp_line (start -1.70037 -6.3813) (end -3.878525 -5.380263) (layer B.SilkS) (width 0.5))
    (fp_line (start -3.322154 -24.9228) (end -2.482994 -24.3331) (layer B.SilkS) (width 0.5))
    (fp_line (start -6.325059 -5.8406) (end -9.018337 -5.8206) (layer B.SilkS) (width 0.5))
    (fp_line (start -3.805378 -24.256025) (end -4.044666 -25.0177) (layer B.SilkS) (width 0.5))
    (fp_line (start -1.942834 -17.71455) (end -3.482047 -19.0852) (layer B.SilkS) (width 0.5))
    (fp_line (start 1.326713 -7.7005) (end -0.462621 -7.823075) (layer B.SilkS) (width 0.5))
    (fp_line (start -4.517711 -11.7895) (end -1.933377 -16.1537) (layer B.SilkS) (width 0.5))
    (fp_line (start -0.462621 -7.823075) (end -1.70037 -6.3813) (layer B.SilkS) (width 0.5))
    (fp_line (start 9.172788 -1.2737) (end 5.155356 -4.2696) (layer B.SilkS) (width 0.5))
    (fp_line (start -2.438465 -24.8438) (end -2.562067 -26.107988) (layer B.SilkS) (width 0.5))
    (fp_line (start -4.044666 -25.0177) (end -3.322154 -24.9228) (layer B.SilkS) (width 0.5))
    (fp_line (start -9.018337 -5.8206) (end -13.266549 -5.5598) (layer B.SilkS) (width 0.5))
    (fp_line (start 14.274388 1.6024) (end 9.172788 -1.2737) (layer B.SilkS) (width 0.5))
    (fp_line (start -4.077678 -23.3257) (end -3.805378 -24.256025) (layer B.SilkS) (width 0.5))
    (fp_line (start -3.955293 -21.516138) (end -4.324318 -22.276025) (layer B.SilkS) (width 0.5))
    (fp_line (start -3.482047 -19.0852) (end -4.551027 -21.579) (layer B.SilkS) (width 0.5))
    (fp_line (start -13.266549 -5.5598) (end -6.858 -7.366) (layer B.SilkS) (width 0.5))
    (fp_line (start -6.858 -7.366) (end -4.517711 -11.7895) (layer B.SilkS) (width 0.5))
  )

  (module microSD_503182-1852:MOLEX_503182-1852 (layer F.Cu) (tedit 0) (tstamp 5D14BC24)
    (at 140.75 170.75)
    (path /5CFD559B)
    (attr smd)
    (fp_text reference J6 (at -0.25 0 90) (layer F.SilkS)
      (effects (font (size 1.00162 1.00162) (thickness 0.05)))
    )
    (fp_text value microSD (at 8.63712 3.58418 90) (layer F.SilkS) hide
      (effects (font (size 1.00257 1.00257) (thickness 0.05)))
    )
    (fp_poly (pts (xy 7.08472 1.775) (xy 7.47 1.775) (xy 7.47 4.18369) (xy 7.08472 4.18369)) (layer Eco1.User) (width 0))
    (fp_poly (pts (xy -3.65928 -0.725) (xy 5.55 -0.725) (xy 5.55 2.68181) (xy -3.65928 2.68181)) (layer Dwgs.User) (width 0))
    (fp_poly (pts (xy -3.65585 -5.485) (xy 5.55 -5.485) (xy 5.55 -0.726161) (xy -3.65585 -0.726161)) (layer Dwgs.User) (width 0))
    (fp_poly (pts (xy -3.65772 -5.485) (xy 5.55 -5.485) (xy 5.55 -0.726534) (xy -3.65772 -0.726534)) (layer Dwgs.User) (width 0))
    (fp_poly (pts (xy -3.65471 -5.485) (xy 5.55 -5.485) (xy 5.55 -0.725935) (xy -3.65471 -0.725935)) (layer Dwgs.User) (width 0))
    (fp_line (start -7.07 -8.225) (end 7.07 -8.225) (layer Eco2.User) (width 0.127))
    (fp_line (start 7.07 -8.225) (end 7.07 6.725) (layer Eco2.User) (width 0.127))
    (fp_line (start 7.07 6.725) (end -7.07 6.725) (layer Eco2.User) (width 0.127))
    (fp_line (start -7.07 6.725) (end -7.07 -8.225) (layer Eco2.User) (width 0.127))
    (fp_line (start -8 7.25) (end 8 7.25) (layer Eco1.User) (width 0.05))
    (fp_line (start 8 7.25) (end 8 -8.5) (layer Eco1.User) (width 0.05))
    (fp_line (start 8 -8.5) (end -8 -8.5) (layer Eco1.User) (width 0.05))
    (fp_line (start -8 -8.5) (end -8 7.25) (layer Eco1.User) (width 0.05))
    (fp_line (start -7.07 -7.28) (end -7.07 -8.225) (layer F.SilkS) (width 0.127))
    (fp_line (start -7.07 -8.225) (end 7.07 -8.225) (layer F.SilkS) (width 0.127))
    (fp_line (start 7.07 -8.225) (end 7.07 -7.28) (layer F.SilkS) (width 0.127))
    (fp_line (start -1.8 6.725) (end 3.9 6.725) (layer F.SilkS) (width 0.127))
    (fp_circle (center -3.81 -8.89) (end -3.71 -8.89) (layer F.SilkS) (width 0.2))
    (pad 1 smd rect (at -2.9 -6.355) (size 0.8 1.24) (layers F.Cu F.Paste F.Mask)
      (net 36 "Net-(J6-Pad1)"))
    (pad 2 smd rect (at -1.8 -6.355) (size 0.8 1.24) (layers F.Cu F.Paste F.Mask)
      (net 35 /microSD_CS))
    (pad 3 smd rect (at -0.7 -6.355) (size 0.8 1.24) (layers F.Cu F.Paste F.Mask)
      (net 34 /microSD_MOSI))
    (pad 4 smd rect (at 0.4 -6.355) (size 0.8 1.24) (layers F.Cu F.Paste F.Mask)
      (net 4 +3V3))
    (pad 5 smd rect (at 1.5 -6.355) (size 0.8 1.24) (layers F.Cu F.Paste F.Mask)
      (net 33 /microSD_SCK))
    (pad 6 smd rect (at 2.6 -6.355) (size 0.8 1.24) (layers F.Cu F.Paste F.Mask)
      (net 1 GND))
    (pad 7 smd rect (at 3.7 -6.355) (size 0.8 1.24) (layers F.Cu F.Paste F.Mask)
      (net 32 /microSD_MISO))
    (pad 8 smd rect (at 4.8 -6.355) (size 0.8 1.24) (layers F.Cu F.Paste F.Mask)
      (net 31 "Net-(J6-Pad8)"))
    (pad P1 smd rect (at -7.245 -5.725) (size 0.95 2.5) (layers F.Cu F.Paste F.Mask)
      (net 30 "Net-(J6-PadP1)"))
    (pad P2 smd rect (at 7.145 -5.875) (size 1.15 2.2) (layers F.Cu F.Paste F.Mask)
      (net 29 "Net-(J6-PadP2)"))
    (pad SW smd rect (at 6.74 -3.725) (size 1.16 1.25) (layers F.Cu F.Paste F.Mask)
      (net 28 "Net-(J6-PadSW)"))
    (pad DT smd rect (at 6.74 5.275) (size 1.16 1.2) (layers F.Cu F.Paste F.Mask)
      (net 27 "Net-(J6-PadDT)"))
    (pad P3 smd rect (at -7.145 5.605) (size 1.15 2.2) (layers F.Cu F.Paste F.Mask)
      (net 26 "Net-(J6-PadP3)"))
    (pad P4 smd rect (at -2.84 6.4) (size 1.5 1.15) (layers F.Cu F.Paste F.Mask)
      (net 25 "Net-(J6-PadP4)"))
    (pad P5 smd rect (at 4.94 6.4) (size 1.5 1.15) (layers F.Cu F.Paste F.Mask)
      (net 24 "Net-(J6-PadP5)"))
  )

  (module footprints:RFM69HCW-XXXS2 (layer F.Cu) (tedit 200000) (tstamp 5D1423D8)
    (at 136.75 151.5 270)
    (descr "HOPE RF RFM69HCW RF TRANSCIEVER")
    (tags "HOPE RF RFM69HCW RF TRANSCIEVER")
    (path /5D020434)
    (attr smd)
    (fp_text reference U5 (at 0 -7.366 270) (layer F.SilkS)
      (effects (font (size 0.6096 0.6096) (thickness 0.127)))
    )
    (fp_text value RFM95W-915S2 (at 0 7.366 270) (layer F.SilkS)
      (effects (font (size 0.6096 0.6096) (thickness 0.127)))
    )
    (fp_text user 1 (at -4.84886 -5.98424 270) (layer Dwgs.User)
      (effects (font (size 1.27 1.27) (thickness 0.1524)))
    )
    (fp_circle (center -9.08812 -8.38962) (end -9.08812 -8.89762) (layer F.SilkS) (width 0.1))
    (fp_line (start 8.12546 -6.1722) (end 8.12546 -5.842) (layer F.SilkS) (width 0.2032))
    (fp_line (start 8.12546 -4.17322) (end 8.12546 -3.84302) (layer F.SilkS) (width 0.2032))
    (fp_line (start 8.12546 -2.1717) (end 8.12546 -1.8415) (layer F.SilkS) (width 0.2032))
    (fp_line (start 8.12546 -0.17272) (end 8.12546 0.15494) (layer F.SilkS) (width 0.2032))
    (fp_line (start 8.12546 1.82372) (end 8.12546 2.15392) (layer F.SilkS) (width 0.2032))
    (fp_line (start 8.12546 3.82524) (end 8.12546 4.15544) (layer F.SilkS) (width 0.2032))
    (fp_line (start 8.12546 5.82422) (end 8.12546 6.15442) (layer F.SilkS) (width 0.2032))
    (fp_line (start -8.12546 6.1722) (end -8.12546 5.842) (layer F.SilkS) (width 0.2032))
    (fp_line (start -8.12546 4.17322) (end -8.12546 3.84302) (layer F.SilkS) (width 0.2032))
    (fp_line (start -8.12546 2.1717) (end -8.12546 1.8415) (layer F.SilkS) (width 0.2032))
    (fp_line (start -8.12546 0.17272) (end -8.12546 -0.15494) (layer F.SilkS) (width 0.2032))
    (fp_line (start -8.12546 -1.82372) (end -8.12546 -2.15392) (layer F.SilkS) (width 0.2032))
    (fp_line (start -8.12546 -3.82524) (end -8.12546 -4.15544) (layer F.SilkS) (width 0.2032))
    (fp_line (start -8.12546 -7.85876) (end -8.12546 -8.12546) (layer F.SilkS) (width 0.2032))
    (fp_line (start 8.12546 -8.12546) (end 8.12546 -7.85876) (layer F.SilkS) (width 0.2032))
    (fp_line (start -8.12546 -5.82422) (end -8.12546 -6.15442) (layer F.SilkS) (width 0.2032))
    (fp_line (start 8.12546 7.85876) (end 8.12546 8.12546) (layer F.SilkS) (width 0.2032))
    (fp_line (start -8.12546 8.12546) (end -8.12546 7.85876) (layer F.SilkS) (width 0.2032))
    (fp_line (start -7.99846 -7.99846) (end -7.99846 7.99846) (layer Dwgs.User) (width 0.127))
    (fp_line (start 7.99846 -7.99846) (end -7.99846 -7.99846) (layer Dwgs.User) (width 0.127))
    (fp_line (start 7.99846 7.99846) (end 7.99846 -7.99846) (layer Dwgs.User) (width 0.127))
    (fp_line (start -7.99846 7.99846) (end 7.99846 7.99846) (layer Dwgs.User) (width 0.127))
    (fp_line (start 3.99796 0.49784) (end 1.99898 0.49784) (layer Dwgs.User) (width 0.2032))
    (fp_line (start 3.99796 0.49784) (end 3.99796 -1.4986) (layer Dwgs.User) (width 0.2032))
    (fp_line (start 3.99796 -1.4986) (end 1.99898 -1.4986) (layer Dwgs.User) (width 0.2032))
    (fp_line (start 1.99898 0.49784) (end 1.99898 -1.4986) (layer Dwgs.User) (width 0.2032))
    (fp_line (start 0 -5.99948) (end -3.99796 -5.99948) (layer Dwgs.User) (width 0.2032))
    (fp_line (start 0 -1.99898) (end 0 -5.99948) (layer Dwgs.User) (width 0.2032))
    (fp_line (start -3.99796 -1.99898) (end 0 -1.99898) (layer Dwgs.User) (width 0.2032))
    (fp_line (start -3.99796 -5.99948) (end -3.99796 -1.99898) (layer Dwgs.User) (width 0.2032))
    (fp_line (start 8.12546 8.12546) (end -8.12546 8.12546) (layer F.SilkS) (width 0.2032))
    (fp_line (start -8.12546 -8.12546) (end 8.12546 -8.12546) (layer F.SilkS) (width 0.2032))
    (pad 16 smd rect (at 7.49808 -6.9977 270) (size 2.99974 1.19888) (layers F.Cu F.Paste F.Mask)
      (net 65 "Net-(U5-Pad16)") (solder_mask_margin 0.1016))
    (pad 15 smd rect (at 7.49808 -4.99872 270) (size 2.99974 1.19888) (layers F.Cu F.Paste F.Mask)
      (net 64 "Net-(U5-Pad15)") (solder_mask_margin 0.1016))
    (pad 14 smd rect (at 7.49808 -2.99974 270) (size 2.99974 1.19888) (layers F.Cu F.Paste F.Mask)
      (net 50 /LORA_INT) (solder_mask_margin 0.1016))
    (pad 13 smd rect (at 7.49808 -0.99822 270) (size 2.99974 1.19888) (layers F.Cu F.Paste F.Mask)
      (net 4 +3V3) (solder_mask_margin 0.1016))
    (pad 12 smd rect (at 7.49808 0.99822 270) (size 2.99974 1.19888) (layers F.Cu F.Paste F.Mask)
      (net 63 "Net-(U5-Pad12)") (solder_mask_margin 0.1016))
    (pad 11 smd rect (at 7.49808 2.99974 270) (size 2.99974 1.19888) (layers F.Cu F.Paste F.Mask)
      (net 62 "Net-(U5-Pad11)") (solder_mask_margin 0.1016))
    (pad 10 smd rect (at 7.49808 4.99872 270) (size 2.99974 1.19888) (layers F.Cu F.Paste F.Mask)
      (net 1 GND) (solder_mask_margin 0.1016))
    (pad 9 smd rect (at 7.49808 6.9977 270) (size 2.99974 1.19888) (layers F.Cu F.Paste F.Mask)
      (net 67 "Net-(J8-Pad1)") (solder_mask_margin 0.1016))
    (pad 8 smd rect (at -7.49808 6.9977 270) (size 2.99974 1.19888) (layers F.Cu F.Paste F.Mask)
      (net 1 GND) (solder_mask_margin 0.1016))
    (pad 7 smd rect (at -7.49808 4.99872 270) (size 2.99974 1.19888) (layers F.Cu F.Paste F.Mask)
      (net 61 "Net-(U5-Pad7)") (solder_mask_margin 0.1016))
    (pad 6 smd rect (at -7.49808 2.99974 270) (size 2.99974 1.19888) (layers F.Cu F.Paste F.Mask)
      (net 51 /LORA_RESET) (solder_mask_margin 0.1016))
    (pad 5 smd rect (at -7.49808 0.99822 270) (size 2.99974 1.19888) (layers F.Cu F.Paste F.Mask)
      (net 41 /LORA_CS) (solder_mask_margin 0.1016))
    (pad 4 smd rect (at -7.49808 -0.99822 270) (size 2.99974 1.19888) (layers F.Cu F.Paste F.Mask)
      (net 58 /LORA_SCK) (solder_mask_margin 0.1016))
    (pad 3 smd rect (at -7.49808 -2.99974 270) (size 2.99974 1.19888) (layers F.Cu F.Paste F.Mask)
      (net 59 /LORA_MOSI) (solder_mask_margin 0.1016))
    (pad 2 smd rect (at -7.49808 -4.99872 270) (size 2.99974 1.19888) (layers F.Cu F.Paste F.Mask)
      (net 57 /LORA_MISO) (solder_mask_margin 0.1016))
    (pad 1 smd rect (at -7.49808 -6.9977 270) (size 2.99974 1.19888) (layers F.Cu F.Paste F.Mask)
      (net 1 GND) (solder_mask_margin 0.1016))
  )

  (module footprints:C_0603_1608Metric (layer F.Cu) (tedit 5B301BBE) (tstamp 5D142099)
    (at 159.4625 161.25)
    (descr "Capacitor SMD 0603 (1608 Metric), square (rectangular) end terminal, IPC_7351 nominal, (Body size source: http://www.tortai-tech.com/upload/download/2011102023233369053.pdf), generated with kicad-footprint-generator")
    (tags capacitor)
    (path /5CF60B62)
    (attr smd)
    (fp_text reference C1 (at 0 1.5) (layer F.SilkS)
      (effects (font (size 1 1) (thickness 0.15)))
    )
    (fp_text value 10uF (at 0 1.43) (layer F.Fab)
      (effects (font (size 1 1) (thickness 0.15)))
    )
    (fp_text user %R (at 0 0) (layer F.Fab)
      (effects (font (size 0.4 0.4) (thickness 0.06)))
    )
    (fp_line (start 1.48 0.73) (end -1.48 0.73) (layer F.CrtYd) (width 0.05))
    (fp_line (start 1.48 -0.73) (end 1.48 0.73) (layer F.CrtYd) (width 0.05))
    (fp_line (start -1.48 -0.73) (end 1.48 -0.73) (layer F.CrtYd) (width 0.05))
    (fp_line (start -1.48 0.73) (end -1.48 -0.73) (layer F.CrtYd) (width 0.05))
    (fp_line (start -0.162779 0.51) (end 0.162779 0.51) (layer F.SilkS) (width 0.12))
    (fp_line (start -0.162779 -0.51) (end 0.162779 -0.51) (layer F.SilkS) (width 0.12))
    (fp_line (start 0.8 0.4) (end -0.8 0.4) (layer F.Fab) (width 0.1))
    (fp_line (start 0.8 -0.4) (end 0.8 0.4) (layer F.Fab) (width 0.1))
    (fp_line (start -0.8 -0.4) (end 0.8 -0.4) (layer F.Fab) (width 0.1))
    (fp_line (start -0.8 0.4) (end -0.8 -0.4) (layer F.Fab) (width 0.1))
    (pad 2 smd roundrect (at 0.7875 0) (size 0.875 0.95) (layers F.Cu F.Paste F.Mask) (roundrect_rratio 0.25)
      (net 1 GND))
    (pad 1 smd roundrect (at -0.7875 0) (size 0.875 0.95) (layers F.Cu F.Paste F.Mask) (roundrect_rratio 0.25)
      (net 2 VBUS))
    (model ${KISYS3DMOD}/Capacitor_SMD.3dshapes/C_0603_1608Metric.wrl
      (at (xyz 0 0 0))
      (scale (xyz 1 1 1))
      (rotate (xyz 0 0 0))
    )
  )

  (module footprints:C_0603_1608Metric (layer F.Cu) (tedit 5B301BBE) (tstamp 5D1A3D04)
    (at 155.7875 161.25)
    (descr "Capacitor SMD 0603 (1608 Metric), square (rectangular) end terminal, IPC_7351 nominal, (Body size source: http://www.tortai-tech.com/upload/download/2011102023233369053.pdf), generated with kicad-footprint-generator")
    (tags capacitor)
    (path /5CF7ADE5)
    (attr smd)
    (fp_text reference C2 (at -0.0375 1.5) (layer F.SilkS)
      (effects (font (size 1 1) (thickness 0.15)))
    )
    (fp_text value 10uF (at 0 1.43) (layer F.Fab)
      (effects (font (size 1 1) (thickness 0.15)))
    )
    (fp_line (start -0.8 0.4) (end -0.8 -0.4) (layer F.Fab) (width 0.1))
    (fp_line (start -0.8 -0.4) (end 0.8 -0.4) (layer F.Fab) (width 0.1))
    (fp_line (start 0.8 -0.4) (end 0.8 0.4) (layer F.Fab) (width 0.1))
    (fp_line (start 0.8 0.4) (end -0.8 0.4) (layer F.Fab) (width 0.1))
    (fp_line (start -0.162779 -0.51) (end 0.162779 -0.51) (layer F.SilkS) (width 0.12))
    (fp_line (start -0.162779 0.51) (end 0.162779 0.51) (layer F.SilkS) (width 0.12))
    (fp_line (start -1.48 0.73) (end -1.48 -0.73) (layer F.CrtYd) (width 0.05))
    (fp_line (start -1.48 -0.73) (end 1.48 -0.73) (layer F.CrtYd) (width 0.05))
    (fp_line (start 1.48 -0.73) (end 1.48 0.73) (layer F.CrtYd) (width 0.05))
    (fp_line (start 1.48 0.73) (end -1.48 0.73) (layer F.CrtYd) (width 0.05))
    (fp_text user %R (at 0 0) (layer F.Fab)
      (effects (font (size 0.4 0.4) (thickness 0.06)))
    )
    (pad 1 smd roundrect (at -0.7875 0) (size 0.875 0.95) (layers F.Cu F.Paste F.Mask) (roundrect_rratio 0.25)
      (net 3 +BATT))
    (pad 2 smd roundrect (at 0.7875 0) (size 0.875 0.95) (layers F.Cu F.Paste F.Mask) (roundrect_rratio 0.25)
      (net 1 GND))
    (model ${KISYS3DMOD}/Capacitor_SMD.3dshapes/C_0603_1608Metric.wrl
      (at (xyz 0 0 0))
      (scale (xyz 1 1 1))
      (rotate (xyz 0 0 0))
    )
  )

  (module footprints:C_0603_1608Metric (layer F.Cu) (tedit 5B301BBE) (tstamp 5D1420BB)
    (at 163.5375 161.25 180)
    (descr "Capacitor SMD 0603 (1608 Metric), square (rectangular) end terminal, IPC_7351 nominal, (Body size source: http://www.tortai-tech.com/upload/download/2011102023233369053.pdf), generated with kicad-footprint-generator")
    (tags capacitor)
    (path /5CF5708D)
    (attr smd)
    (fp_text reference C3 (at 0.0375 -1.25 180) (layer F.SilkS)
      (effects (font (size 1 1) (thickness 0.15)))
    )
    (fp_text value 10uF (at 0 1.43 180) (layer F.Fab)
      (effects (font (size 1 1) (thickness 0.15)))
    )
    (fp_text user %R (at 0 0 180) (layer F.Fab)
      (effects (font (size 0.4 0.4) (thickness 0.06)))
    )
    (fp_line (start 1.48 0.73) (end -1.48 0.73) (layer F.CrtYd) (width 0.05))
    (fp_line (start 1.48 -0.73) (end 1.48 0.73) (layer F.CrtYd) (width 0.05))
    (fp_line (start -1.48 -0.73) (end 1.48 -0.73) (layer F.CrtYd) (width 0.05))
    (fp_line (start -1.48 0.73) (end -1.48 -0.73) (layer F.CrtYd) (width 0.05))
    (fp_line (start -0.162779 0.51) (end 0.162779 0.51) (layer F.SilkS) (width 0.12))
    (fp_line (start -0.162779 -0.51) (end 0.162779 -0.51) (layer F.SilkS) (width 0.12))
    (fp_line (start 0.8 0.4) (end -0.8 0.4) (layer F.Fab) (width 0.1))
    (fp_line (start 0.8 -0.4) (end 0.8 0.4) (layer F.Fab) (width 0.1))
    (fp_line (start -0.8 -0.4) (end 0.8 -0.4) (layer F.Fab) (width 0.1))
    (fp_line (start -0.8 0.4) (end -0.8 -0.4) (layer F.Fab) (width 0.1))
    (pad 2 smd roundrect (at 0.7875 0 180) (size 0.875 0.95) (layers F.Cu F.Paste F.Mask) (roundrect_rratio 0.25)
      (net 1 GND))
    (pad 1 smd roundrect (at -0.7875 0 180) (size 0.875 0.95) (layers F.Cu F.Paste F.Mask) (roundrect_rratio 0.25)
      (net 4 +3V3))
    (model ${KISYS3DMOD}/Capacitor_SMD.3dshapes/C_0603_1608Metric.wrl
      (at (xyz 0 0 0))
      (scale (xyz 1 1 1))
      (rotate (xyz 0 0 0))
    )
  )

  (module footprints:C_0603_1608Metric (layer F.Cu) (tedit 5B301BBE) (tstamp 5D1420CC)
    (at 148 150)
    (descr "Capacitor SMD 0603 (1608 Metric), square (rectangular) end terminal, IPC_7351 nominal, (Body size source: http://www.tortai-tech.com/upload/download/2011102023233369053.pdf), generated with kicad-footprint-generator")
    (tags capacitor)
    (path /5D147DA2)
    (attr smd)
    (fp_text reference C4 (at 0 1.5) (layer F.SilkS)
      (effects (font (size 1 1) (thickness 0.15)))
    )
    (fp_text value 22pF (at 0 1.43) (layer F.Fab)
      (effects (font (size 1 1) (thickness 0.15)))
    )
    (fp_line (start -0.8 0.4) (end -0.8 -0.4) (layer F.Fab) (width 0.1))
    (fp_line (start -0.8 -0.4) (end 0.8 -0.4) (layer F.Fab) (width 0.1))
    (fp_line (start 0.8 -0.4) (end 0.8 0.4) (layer F.Fab) (width 0.1))
    (fp_line (start 0.8 0.4) (end -0.8 0.4) (layer F.Fab) (width 0.1))
    (fp_line (start -0.162779 -0.51) (end 0.162779 -0.51) (layer F.SilkS) (width 0.12))
    (fp_line (start -0.162779 0.51) (end 0.162779 0.51) (layer F.SilkS) (width 0.12))
    (fp_line (start -1.48 0.73) (end -1.48 -0.73) (layer F.CrtYd) (width 0.05))
    (fp_line (start -1.48 -0.73) (end 1.48 -0.73) (layer F.CrtYd) (width 0.05))
    (fp_line (start 1.48 -0.73) (end 1.48 0.73) (layer F.CrtYd) (width 0.05))
    (fp_line (start 1.48 0.73) (end -1.48 0.73) (layer F.CrtYd) (width 0.05))
    (fp_text user %R (at 0 0) (layer F.Fab)
      (effects (font (size 0.4 0.4) (thickness 0.06)))
    )
    (pad 1 smd roundrect (at -0.7875 0) (size 0.875 0.95) (layers F.Cu F.Paste F.Mask) (roundrect_rratio 0.25)
      (net 1 GND))
    (pad 2 smd roundrect (at 0.7875 0) (size 0.875 0.95) (layers F.Cu F.Paste F.Mask) (roundrect_rratio 0.25)
      (net 5 "Net-(C4-Pad2)"))
    (model ${KISYS3DMOD}/Capacitor_SMD.3dshapes/C_0603_1608Metric.wrl
      (at (xyz 0 0 0))
      (scale (xyz 1 1 1))
      (rotate (xyz 0 0 0))
    )
  )

  (module footprints:C_0603_1608Metric (layer F.Cu) (tedit 5B301BBE) (tstamp 5D1420DD)
    (at 148 143.25)
    (descr "Capacitor SMD 0603 (1608 Metric), square (rectangular) end terminal, IPC_7351 nominal, (Body size source: http://www.tortai-tech.com/upload/download/2011102023233369053.pdf), generated with kicad-footprint-generator")
    (tags capacitor)
    (path /5D148980)
    (attr smd)
    (fp_text reference C5 (at 0 -1.43) (layer F.SilkS)
      (effects (font (size 1 1) (thickness 0.15)))
    )
    (fp_text value 22pF (at 0 1.43) (layer F.Fab)
      (effects (font (size 1 1) (thickness 0.15)))
    )
    (fp_text user %R (at 0 0) (layer F.Fab)
      (effects (font (size 0.4 0.4) (thickness 0.06)))
    )
    (fp_line (start 1.48 0.73) (end -1.48 0.73) (layer F.CrtYd) (width 0.05))
    (fp_line (start 1.48 -0.73) (end 1.48 0.73) (layer F.CrtYd) (width 0.05))
    (fp_line (start -1.48 -0.73) (end 1.48 -0.73) (layer F.CrtYd) (width 0.05))
    (fp_line (start -1.48 0.73) (end -1.48 -0.73) (layer F.CrtYd) (width 0.05))
    (fp_line (start -0.162779 0.51) (end 0.162779 0.51) (layer F.SilkS) (width 0.12))
    (fp_line (start -0.162779 -0.51) (end 0.162779 -0.51) (layer F.SilkS) (width 0.12))
    (fp_line (start 0.8 0.4) (end -0.8 0.4) (layer F.Fab) (width 0.1))
    (fp_line (start 0.8 -0.4) (end 0.8 0.4) (layer F.Fab) (width 0.1))
    (fp_line (start -0.8 -0.4) (end 0.8 -0.4) (layer F.Fab) (width 0.1))
    (fp_line (start -0.8 0.4) (end -0.8 -0.4) (layer F.Fab) (width 0.1))
    (pad 2 smd roundrect (at 0.7875 0) (size 0.875 0.95) (layers F.Cu F.Paste F.Mask) (roundrect_rratio 0.25)
      (net 6 "Net-(C5-Pad2)"))
    (pad 1 smd roundrect (at -0.7875 0) (size 0.875 0.95) (layers F.Cu F.Paste F.Mask) (roundrect_rratio 0.25)
      (net 1 GND))
    (model ${KISYS3DMOD}/Capacitor_SMD.3dshapes/C_0603_1608Metric.wrl
      (at (xyz 0 0 0))
      (scale (xyz 1 1 1))
      (rotate (xyz 0 0 0))
    )
  )

  (module footprints:C_0603_1608Metric (layer F.Cu) (tedit 5B301BBE) (tstamp 5D1A6F3D)
    (at 158.75 156.5 180)
    (descr "Capacitor SMD 0603 (1608 Metric), square (rectangular) end terminal, IPC_7351 nominal, (Body size source: http://www.tortai-tech.com/upload/download/2011102023233369053.pdf), generated with kicad-footprint-generator")
    (tags capacitor)
    (path /5CF55688)
    (attr smd)
    (fp_text reference C6 (at 0.5 1.5 180) (layer F.SilkS)
      (effects (font (size 1 1) (thickness 0.15)))
    )
    (fp_text value 100nF (at 0 1.43 180) (layer F.Fab)
      (effects (font (size 1 1) (thickness 0.15)))
    )
    (fp_line (start -0.8 0.4) (end -0.8 -0.4) (layer F.Fab) (width 0.1))
    (fp_line (start -0.8 -0.4) (end 0.8 -0.4) (layer F.Fab) (width 0.1))
    (fp_line (start 0.8 -0.4) (end 0.8 0.4) (layer F.Fab) (width 0.1))
    (fp_line (start 0.8 0.4) (end -0.8 0.4) (layer F.Fab) (width 0.1))
    (fp_line (start -0.162779 -0.51) (end 0.162779 -0.51) (layer F.SilkS) (width 0.12))
    (fp_line (start -0.162779 0.51) (end 0.162779 0.51) (layer F.SilkS) (width 0.12))
    (fp_line (start -1.48 0.73) (end -1.48 -0.73) (layer F.CrtYd) (width 0.05))
    (fp_line (start -1.48 -0.73) (end 1.48 -0.73) (layer F.CrtYd) (width 0.05))
    (fp_line (start 1.48 -0.73) (end 1.48 0.73) (layer F.CrtYd) (width 0.05))
    (fp_line (start 1.48 0.73) (end -1.48 0.73) (layer F.CrtYd) (width 0.05))
    (fp_text user %R (at 0 0 180) (layer F.Fab)
      (effects (font (size 0.4 0.4) (thickness 0.06)))
    )
    (pad 1 smd roundrect (at -0.7875 0 180) (size 0.875 0.95) (layers F.Cu F.Paste F.Mask) (roundrect_rratio 0.25)
      (net 1 GND))
    (pad 2 smd roundrect (at 0.7875 0 180) (size 0.875 0.95) (layers F.Cu F.Paste F.Mask) (roundrect_rratio 0.25)
      (net 4 +3V3))
    (model ${KISYS3DMOD}/Capacitor_SMD.3dshapes/C_0603_1608Metric.wrl
      (at (xyz 0 0 0))
      (scale (xyz 1 1 1))
      (rotate (xyz 0 0 0))
    )
  )

  (module footprints:C_0603_1608Metric (layer F.Cu) (tedit 5B301BBE) (tstamp 5D154D71)
    (at 159 141.75)
    (descr "Capacitor SMD 0603 (1608 Metric), square (rectangular) end terminal, IPC_7351 nominal, (Body size source: http://www.tortai-tech.com/upload/download/2011102023233369053.pdf), generated with kicad-footprint-generator")
    (tags capacitor)
    (path /5CF54F74)
    (attr smd)
    (fp_text reference C7 (at 0 1.25) (layer F.SilkS)
      (effects (font (size 1 1) (thickness 0.15)))
    )
    (fp_text value 100nF (at 0 1.43) (layer F.Fab)
      (effects (font (size 1 1) (thickness 0.15)))
    )
    (fp_text user %R (at 0 0) (layer F.Fab)
      (effects (font (size 0.4 0.4) (thickness 0.06)))
    )
    (fp_line (start 1.48 0.73) (end -1.48 0.73) (layer F.CrtYd) (width 0.05))
    (fp_line (start 1.48 -0.73) (end 1.48 0.73) (layer F.CrtYd) (width 0.05))
    (fp_line (start -1.48 -0.73) (end 1.48 -0.73) (layer F.CrtYd) (width 0.05))
    (fp_line (start -1.48 0.73) (end -1.48 -0.73) (layer F.CrtYd) (width 0.05))
    (fp_line (start -0.162779 0.51) (end 0.162779 0.51) (layer F.SilkS) (width 0.12))
    (fp_line (start -0.162779 -0.51) (end 0.162779 -0.51) (layer F.SilkS) (width 0.12))
    (fp_line (start 0.8 0.4) (end -0.8 0.4) (layer F.Fab) (width 0.1))
    (fp_line (start 0.8 -0.4) (end 0.8 0.4) (layer F.Fab) (width 0.1))
    (fp_line (start -0.8 -0.4) (end 0.8 -0.4) (layer F.Fab) (width 0.1))
    (fp_line (start -0.8 0.4) (end -0.8 -0.4) (layer F.Fab) (width 0.1))
    (pad 2 smd roundrect (at 0.7875 0) (size 0.875 0.95) (layers F.Cu F.Paste F.Mask) (roundrect_rratio 0.25)
      (net 4 +3V3))
    (pad 1 smd roundrect (at -0.7875 0) (size 0.875 0.95) (layers F.Cu F.Paste F.Mask) (roundrect_rratio 0.25)
      (net 1 GND))
    (model ${KISYS3DMOD}/Capacitor_SMD.3dshapes/C_0603_1608Metric.wrl
      (at (xyz 0 0 0))
      (scale (xyz 1 1 1))
      (rotate (xyz 0 0 0))
    )
  )

  (module footprints:C_0603_1608Metric (layer F.Cu) (tedit 5B301BBE) (tstamp 5D142110)
    (at 151.5375 150)
    (descr "Capacitor SMD 0603 (1608 Metric), square (rectangular) end terminal, IPC_7351 nominal, (Body size source: http://www.tortai-tech.com/upload/download/2011102023233369053.pdf), generated with kicad-footprint-generator")
    (tags capacitor)
    (path /5CF53FE1)
    (attr smd)
    (fp_text reference C8 (at 0 2) (layer F.SilkS)
      (effects (font (size 1 1) (thickness 0.15)))
    )
    (fp_text value 100nF (at 0 1.43) (layer F.Fab)
      (effects (font (size 1 1) (thickness 0.15)))
    )
    (fp_line (start -0.8 0.4) (end -0.8 -0.4) (layer F.Fab) (width 0.1))
    (fp_line (start -0.8 -0.4) (end 0.8 -0.4) (layer F.Fab) (width 0.1))
    (fp_line (start 0.8 -0.4) (end 0.8 0.4) (layer F.Fab) (width 0.1))
    (fp_line (start 0.8 0.4) (end -0.8 0.4) (layer F.Fab) (width 0.1))
    (fp_line (start -0.162779 -0.51) (end 0.162779 -0.51) (layer F.SilkS) (width 0.12))
    (fp_line (start -0.162779 0.51) (end 0.162779 0.51) (layer F.SilkS) (width 0.12))
    (fp_line (start -1.48 0.73) (end -1.48 -0.73) (layer F.CrtYd) (width 0.05))
    (fp_line (start -1.48 -0.73) (end 1.48 -0.73) (layer F.CrtYd) (width 0.05))
    (fp_line (start 1.48 -0.73) (end 1.48 0.73) (layer F.CrtYd) (width 0.05))
    (fp_line (start 1.48 0.73) (end -1.48 0.73) (layer F.CrtYd) (width 0.05))
    (fp_text user %R (at 0 0) (layer F.Fab)
      (effects (font (size 0.4 0.4) (thickness 0.06)))
    )
    (pad 1 smd roundrect (at -0.7875 0) (size 0.875 0.95) (layers F.Cu F.Paste F.Mask) (roundrect_rratio 0.25)
      (net 1 GND))
    (pad 2 smd roundrect (at 0.7875 0) (size 0.875 0.95) (layers F.Cu F.Paste F.Mask) (roundrect_rratio 0.25)
      (net 4 +3V3))
    (model ${KISYS3DMOD}/Capacitor_SMD.3dshapes/C_0603_1608Metric.wrl
      (at (xyz 0 0 0))
      (scale (xyz 1 1 1))
      (rotate (xyz 0 0 0))
    )
  )

  (module footprints:C_0603_1608Metric (layer F.Cu) (tedit 5B301BBE) (tstamp 5D154508)
    (at 162.7875 141.75 180)
    (descr "Capacitor SMD 0603 (1608 Metric), square (rectangular) end terminal, IPC_7351 nominal, (Body size source: http://www.tortai-tech.com/upload/download/2011102023233369053.pdf), generated with kicad-footprint-generator")
    (tags capacitor)
    (path /5CF3E2FE)
    (attr smd)
    (fp_text reference C9 (at 0 -1.25 180) (layer F.SilkS)
      (effects (font (size 1 1) (thickness 0.15)))
    )
    (fp_text value 1uF (at 0 1.43 180) (layer F.Fab)
      (effects (font (size 1 1) (thickness 0.15)))
    )
    (fp_text user %R (at 0 0 180) (layer F.Fab)
      (effects (font (size 0.4 0.4) (thickness 0.06)))
    )
    (fp_line (start 1.48 0.73) (end -1.48 0.73) (layer F.CrtYd) (width 0.05))
    (fp_line (start 1.48 -0.73) (end 1.48 0.73) (layer F.CrtYd) (width 0.05))
    (fp_line (start -1.48 -0.73) (end 1.48 -0.73) (layer F.CrtYd) (width 0.05))
    (fp_line (start -1.48 0.73) (end -1.48 -0.73) (layer F.CrtYd) (width 0.05))
    (fp_line (start -0.162779 0.51) (end 0.162779 0.51) (layer F.SilkS) (width 0.12))
    (fp_line (start -0.162779 -0.51) (end 0.162779 -0.51) (layer F.SilkS) (width 0.12))
    (fp_line (start 0.8 0.4) (end -0.8 0.4) (layer F.Fab) (width 0.1))
    (fp_line (start 0.8 -0.4) (end 0.8 0.4) (layer F.Fab) (width 0.1))
    (fp_line (start -0.8 -0.4) (end 0.8 -0.4) (layer F.Fab) (width 0.1))
    (fp_line (start -0.8 0.4) (end -0.8 -0.4) (layer F.Fab) (width 0.1))
    (pad 2 smd roundrect (at 0.7875 0 180) (size 0.875 0.95) (layers F.Cu F.Paste F.Mask) (roundrect_rratio 0.25)
      (net 7 "Net-(C9-Pad2)"))
    (pad 1 smd roundrect (at -0.7875 0 180) (size 0.875 0.95) (layers F.Cu F.Paste F.Mask) (roundrect_rratio 0.25)
      (net 1 GND))
    (model ${KISYS3DMOD}/Capacitor_SMD.3dshapes/C_0603_1608Metric.wrl
      (at (xyz 0 0 0))
      (scale (xyz 1 1 1))
      (rotate (xyz 0 0 0))
    )
  )

  (module footprints:C_0603_1608Metric (layer F.Cu) (tedit 5B301BBE) (tstamp 5D14C644)
    (at 151.5 148 180)
    (descr "Capacitor SMD 0603 (1608 Metric), square (rectangular) end terminal, IPC_7351 nominal, (Body size source: http://www.tortai-tech.com/upload/download/2011102023233369053.pdf), generated with kicad-footprint-generator")
    (tags capacitor)
    (path /5CFEE4CF)
    (attr smd)
    (fp_text reference C10 (at 0 1.75 180) (layer F.SilkS)
      (effects (font (size 1 1) (thickness 0.15)))
    )
    (fp_text value 1uF (at 0 1.43 180) (layer F.Fab)
      (effects (font (size 1 1) (thickness 0.15)))
    )
    (fp_line (start -0.8 0.4) (end -0.8 -0.4) (layer F.Fab) (width 0.1))
    (fp_line (start -0.8 -0.4) (end 0.8 -0.4) (layer F.Fab) (width 0.1))
    (fp_line (start 0.8 -0.4) (end 0.8 0.4) (layer F.Fab) (width 0.1))
    (fp_line (start 0.8 0.4) (end -0.8 0.4) (layer F.Fab) (width 0.1))
    (fp_line (start -0.162779 -0.51) (end 0.162779 -0.51) (layer F.SilkS) (width 0.12))
    (fp_line (start -0.162779 0.51) (end 0.162779 0.51) (layer F.SilkS) (width 0.12))
    (fp_line (start -1.48 0.73) (end -1.48 -0.73) (layer F.CrtYd) (width 0.05))
    (fp_line (start -1.48 -0.73) (end 1.48 -0.73) (layer F.CrtYd) (width 0.05))
    (fp_line (start 1.48 -0.73) (end 1.48 0.73) (layer F.CrtYd) (width 0.05))
    (fp_line (start 1.48 0.73) (end -1.48 0.73) (layer F.CrtYd) (width 0.05))
    (fp_text user %R (at 0 0 180) (layer F.Fab)
      (effects (font (size 0.4 0.4) (thickness 0.06)))
    )
    (pad 1 smd roundrect (at -0.7875 0 180) (size 0.875 0.95) (layers F.Cu F.Paste F.Mask) (roundrect_rratio 0.25)
      (net 8 /AREF))
    (pad 2 smd roundrect (at 0.7875 0 180) (size 0.875 0.95) (layers F.Cu F.Paste F.Mask) (roundrect_rratio 0.25)
      (net 1 GND))
    (model ${KISYS3DMOD}/Capacitor_SMD.3dshapes/C_0603_1608Metric.wrl
      (at (xyz 0 0 0))
      (scale (xyz 1 1 1))
      (rotate (xyz 0 0 0))
    )
  )

  (module footprints:D_0603_1608Metric (layer F.Cu) (tedit 5B301BBE) (tstamp 5D1A3B96)
    (at 161.2875 169.75 180)
    (descr "Diode SMD 0603 (1608 Metric), square (rectangular) end terminal, IPC_7351 nominal, (Body size source: http://www.tortai-tech.com/upload/download/2011102023233369053.pdf), generated with kicad-footprint-generator")
    (tags diode)
    (path /5CF5B687)
    (attr smd)
    (fp_text reference D1 (at 0 -1.5 180) (layer F.SilkS)
      (effects (font (size 1 1) (thickness 0.15)))
    )
    (fp_text value D_Schottky (at 0 1.43 180) (layer F.Fab)
      (effects (font (size 1 1) (thickness 0.15)))
